31
34
46
47
48
49
50
51
52
53
54
190
191
6138
845
1210
2247
3061
3062
3063
3393
4079
4080
4105
4124
5254
5262
20008
20010
20002
20004
21000
21003
22001
22005
22009
22000
22019
22021
40005
40006
30000
30010
30020
30030
30040
30050
30060
30070
30080
30090
30100
30110
30120
30130
30140
30150
30160
30170
30180
30190
30200
30210
30220
30230
30240
30250
30260
30270
30280
30290
30300
30600
30610
30620
30630
30640
30650
30660
30670
30680
30690
30700
30710
30720
30730
30740
30750
30760
30770
30780
30790
30800
30810
30820
30830
30840
30850
30860
30870
30880
30890
30500
30505
30510
30515
30520
30525
30530
30535
20401
20405
23000
23001
23026
23039
23043
23042
23041
23044
23040
23018
23019
23030
23031
23029
23032
23006
23004
23003
23005
23016
23017
23025
23024
23023
23022
23010
23011
23013
23012
23027
23015
23014
23028
23037
23034
23033
23038
23035
23036
23002
23020
23021
23009
23008
23007
23474
23475
23476
23477
23460
23479
23440
23439
23441
23433
23432
23431
23484
23526
23561
23533
23498
23568
23540
23505
23575
23547
23512
23554
23491
23519
23580
23610
23635
23615
23590
23640
23620
23595
23645
23625
23600
23630
23585
23605
23485
23418
23527
23417
23562
23534
23499
23569
23541
23506
23576
23548
23513
23416
23555
23492
23520
23581
23611
23636
23616
23591
23641
23621
23596
23646
23626
23601
23631
23586
23606
23473
23404
23481
23430
23523
23429
23558
23530
23495
23565
23537
23502
23572
23544
23509
23428
23551
23488
23516
23478
23443
23450
23457
23486
23422
23528
23421
23563
23535
23500
23570
23542
23507
23577
23549
23514
23420
23556
23493
23521
23582
23612
23637
23617
23592
23642
23622
23597
23647
23627
23602
23632
23587
23607
23470
23461
23462
23480
23406
23463
23465
23405
23471
23466
23449
23456
23447
23454
23444
23451
23445
23459
23452
23468
23437
23434
23483
23414
23525
23413
23560
23532
23497
23567
23539
23504
23574
23546
23511
23412
23553
23490
23518
23579
23609
23634
23614
23589
23639
23619
23594
23644
23624
23599
23629
23584
23604
23446
23458
23453
23472
23402
23448
23455
23438
23400
23401
23436
23464
23427
23415
23442
23419
23482
23426
23524
23425
23559
23531
23496
23423
23566
23538
23503
23573
23545
23510
23424
23552
23489
23517
23411
23407
23487
23410
23529
23409
23564
23536
23501
23571
23543
23508
23578
23550
23515
23408
23557
23494
23522
23435
23583
23613
23638
23618
23593
23643
23623
23598
23648
23628
23603
23633
23588
23608
23469
23403
23467
23774
23775
23776
23777
23760
23779
23740
23739
23741
23733
23732
23731
23784
23826
23861
23833
23798
23868
23840
23805
23875
23847
23812
23854
23791
23819
23880
23910
23935
23915
23890
23940
23920
23895
23945
23925
23900
23930
23885
23905
23785
23718
23827
23717
23862
23834
23799
23869
23841
23806
23876
23848
23813
23716
23855
23792
23820
23881
23911
23936
23916
23891
23941
23921
23896
23946
23926
23901
23931
23886
23906
23773
23704
23781
23730
23823
23729
23858
23830
23795
23865
23837
23802
23872
23844
23809
23728
23851
23788
23816
23778
23743
23750
23757
23786
23722
23828
23721
23863
23835
23800
23870
23842
23807
23877
23849
23814
23720
23856
23793
23821
23882
23912
23937
23917
23892
23942
23922
23897
23947
23927
23902
23932
23887
23907
23770
23761
23762
23780
23706
23763
23765
23705
23771
23766
23749
23756
23747
23754
23744
23751
23745
23759
23752
23768
23737
23734
23783
23714
23825
23713
23860
23832
23797
23867
23839
23804
23874
23846
23811
23712
23853
23790
23818
23879
23909
23934
23914
23889
23939
23919
23894
23944
23924
23899
23929
23884
23904
23746
23758
23753
23772
23702
23748
23755
23738
23700
23701
23736
23764
23727
23715
23742
23719
23782
23726
23824
23725
23859
23831
23796
23723
23866
23838
23803
23873
23845
23810
23724
23852
23789
23817
23711
23707
23787
23710
23829
23709
23864
23836
23801
23871
23843
23808
23878
23850
23815
23708
23857
23794
23822
23735
23883
23913
23938
23918
23893
23943
23923
23898
23948
23928
23903
23933
23888
23908
23769
23703
23767
23649
23650
23651
23652
23653
23654
23655
23656
23657
23658
23659
23660
22331
22333
1160
1200
1210
1220
1239
1249
1687
1687
1697
1697
2247
2247
2644
3064
3393
3456
4803
4803
4814
20015
20019
20021
20022
20107
20107
20107
20107
20107
20107
20107
20107
20107
20107
20107
20107
20110
20110
20110
20110
20110
20110
20110
20110
20110
20110
20110
20110
20111
20111
20111
20111
20111
20111
20111
20111
20111
20111
20111
20111
20150
20151
20161
20258
20262
20262
21021
21024
21025
21026
21027
21028
21029
21030
21031
21032
22407
22408
22417
22436
22502
22503
22504
22505
22671
22672
22674
22675
22677
22678
22680
22681
23098
23100
23101
23104
23105
23235
23236
24352
120003
204505
120003
120004
120005
120008
120009
120016
120018
120079
120128
120006
21023
22500
